0 0.6546875 0.55234375 0.1015625 0.1578125
0 0.72109375 0.7078125 0.13125 0.159375
0 0.6125 0.70390625 0.121875 0.159375
0 0.4234375 0.46796875 0.1109375 0.1421875
0 0.2578125 0.55859375 0.096875 0.1171875
0 0.184375 0.659375 0.1 0.1421875
0 0.11875 0.45625 0.1296875 0.1453125
0 0.43359375 0.70390625 0.115625 0.1625
0 0.3765625 0.53203125 0.0953125 0.140625
0 0.51640625 0.51328125 0.0875 0.1296875
0 0.5859375 0.5578125 0.078125 0.140625
0 0.55 0.64140625 0.09375 0.1296875
0 0.3296875 0.70703125 0.1171875 0.1625