3 0.7273263888888889 0.10715277777777779 0.16715277777777776 0.15708333333333332
3 0.06594907407407408 0.4300694444444444 0.09868055555555555 0.2195138888888888
3 0.10284143518518518 0.63046875 0.15123842592592593 0.2109375
3 0.29153356481481485 0.5866319444444444 0.1546875 0.217326388888889
3 0.26533564814814814 0.8029340277777777 0.14714120370370373 0.192048611111111
3 0.36079282407407404 0.7798958333333333 0.14293981481481488 0.20121527777777787
3 0.6028356481481482 0.9092013888888889 0.15428240740740745 0.18159722222222213
3 0.5364872685185185 0.7409375 0.157650462962963 0.2143402777777778
3 0.622025462962963 0.6769270833333334 0.1381712962962963 0.19944444444444437
3 0.8510358796296297 0.44859375 0.17424768518518513 0.2337847222222223
3 0.8971585648148149 0.25578124999999996 0.16594907407407433 0.22406249999999997
3 0.7913946759259259 0.2604340277777778 0.16020833333333329 0.20354166666666665