0 0.6367534722222222 0.4757175925925926 0.10055555555555565 0.15590277777777786
0 0.7177083333333334 0.3263541666666666 0.13031250000000014 0.1583449074074074
0 0.6092187499999999 0.3207928240740741 0.12093750000000014 0.15806712962962965
0 0.3984027777777778 0.540625 0.10923611111111117 0.1405555555555555
0 0.24265625000000002 0.4366608796296296 0.09718749999999998 0.11523148148148152
0 0.17852430555555557 0.3307175925925926 0.0998611111111111 0.14027777777777778
0 0.09392361111111111 0.5269097222222222 0.12805555555555553 0.14267361111111115
0 0.4315104166666666 0.3061400462962963 0.11482638888888878 0.1610069444444444
0 0.3576388888888889 0.4721412037037037 0.09361111111111109 0.14009259259259252
0 0.49473958333333334 0.502800925925926 0.08680555555555554 0.12740740740740736
0 0.5692013888888889 0.4643287037037037 0.07798611111111117 0.13962962962962955
0 0.5417708333333333 0.3774652777777778 0.09305555555555553 0.12759259259259254
0 0.3279861111111111 0.2944675925925926 0.11638888888888896 0.16105324074074073