3 0.877986111111111 0.3903935185185185 0.244027777777778 0.2581018518518519
3 0.4616493055555556 0.48572337962962964 0.18819444444444447 0.17324074074074075
3 0.22755208333333332 0.4647974537037037 0.1849652777777778 0.1685300925925926
3 0.11776041666666667 0.6226678240740741 0.1740972222222222 0.17157407407407402
3 0.10270833333333333 0.8243750000000001 0.17256944444444441 0.17312499999999992
3 0.3182638888888889 0.8548148148148147 0.2755902777777778 0.23950231481481482
3 0.5081249999999999 0.9245138888888889 0.15447916666666667 0.1323726851851852
3 0.3289930555555555 0.6343865740740741 0.1790972222222223 0.18567129629629625
3 0.8896354166666667 0.6411284722222221 0.22072916666666664 0.20950231481481474
3 0.6766319444444445 0.5255439814814815 0.20274305555555544 0.19521990740740733
3 0.14295138888888886 0.24429398148148146 0.24722222222222223 0.2283564814814815
3 0.3700347222222222 0.09203125 0.23381944444444444 0.1840625
1 0.1546701388888889 0.06936921296296297 0.2218402777777778 0.13873842592592595
1 0.7960590277777777 0.16835069444444445 0.23760416666666656 0.21734953703703708
1 0.3468923611111111 0.2795081018518518 0.1839236111111111 0.1919560185185185
1 0.5800868055555556 0.29497106481481483 0.2679513888888888 0.2472569444444444
2 0.950642361111111 0.11561921296296296 0.098715277777778 0.13042824074074075
2 0.5978125000000001 0.07292824074074074 0.15315972222222207 0.1432986111111111