0 0.65859375 0.53828125 0.0890625 0.15078125
0 0.73828125 0.6875 0.11796875 0.15
0 0.6296875 0.69296875 0.10859375 0.15078125
0 0.42109375 0.475 0.09921875 0.134375
0 0.2640625 0.5796875 0.08828125 0.109375
0 0.19921875 0.6859375 0.0890625 0.134375
0 0.11640625 0.48984375 0.11796875 0.13515625
0 0.4515625 0.70859375 0.103125 0.1546875
0 0.3796875 0.54296875 0.08359375 0.134375
0 0.5171875 0.51171875 0.07734375 0.12265625
0 0.590625 0.55 0.0671875 0.13515625
0 0.5625 0.63671875 0.0828125 0.12265625
0 0.3484375 0.72109375 0.1046875 0.1546875