0 0.659375 0.53515625 0.0921875 0.1515625
0 0.74140625 0.68359375 0.1203125 0.1515625
0 0.6328125 0.690625 0.1109375 0.153125
0 0.4203125 0.4765625 0.1015625 0.1359375
0 0.265625 0.58359375 0.090625 0.1109375
0 0.20234375 0.69140625 0.090625 0.1359375
0 0.11640625 0.496875 0.1203125 0.1375
0 0.45546875 0.709375 0.10625 0.15625
0 0.38046875 0.5453125 0.0859375 0.1359375
0 0.5171875 0.51171875 0.0796875 0.1234375
0 0.59140625 0.5484375 0.0703125 0.1359375
0 0.56484375 0.6359375 0.084375 0.1234375
0 0.35234375 0.7234375 0.1078125 0.15625