3 0.125 0.43671875 0.25 0.2765625
3 0.54765625 0.484375 0.196875 0.1859375
3 0.778125 0.43671875 0.19375 0.18125
3 0.90703125 0.58203125 0.1828125 0.1828125
3 0.92734375 0.77890625 0.1453125 0.1859375
3 0.73671875 0.834375 0.2859375 0.259375
3 0.55703125 0.92421875 0.1609375 0.14375
3 0.6984375 0.6171875 0.1890625 0.1984375
3 0.13671875 0.68671875 0.24375 0.2265625
3 0.3390625 0.54765625 0.2125 0.2078125
3 0.83359375 0.20859375 0.2578125 0.2453125
3 0.58671875 0.0921875 0.2453125 0.184375
1 0.796875 0.05625 0.23125 0.1125
1 0.17578125 0.20703125 0.2484375 0.2328125
1 0.63515625 0.26640625 0.19375 0.2046875
1 0.40625 0.3078125 0.28125 0.265625
2 0.03359375 0.17421875 0.0671875 0.1421875
2 0.36015625 0.08984375 0.1609375 0.153125