0 0.66015625 0.5296875 0.096875 0.1546875
0 0.74765625 0.675 0.125 0.15625
0 0.63984375 0.6859375 0.115625 0.15625
0 0.41953125 0.47890625 0.10625 0.1390625
0 0.26875 0.5921875 0.09375 0.1140625
0 0.209375 0.7015625 0.0953125 0.1390625
0 0.11640625 0.51015625 0.125 0.140625
0 0.4625 0.7109375 0.1109375 0.159375
0 0.38203125 0.54921875 0.090625 0.1390625
0 0.51796875 0.5109375 0.084375 0.1265625
0 0.59296875 0.5453125 0.0734375 0.1390625
0 0.56953125 0.63359375 0.0890625 0.1265625
0 0.36015625 0.72890625 0.1125 0.159375