0 0.66171875 0.51875 0.10625 0.1609375
0 0.759375 0.65703125 0.1359375 0.1625
0 0.65234375 0.67578125 0.1265625 0.1625
0 0.41875 0.48515625 0.115625 0.1453125
0 0.27578125 0.6078125 0.1015625 0.11875
0 0.22421875 0.72109375 0.1046875 0.14375
0 0.11796875 0.53671875 0.1328125 0.1484375
0 0.47734375 0.71328125 0.121875 0.165625
0 0.3859375 0.55703125 0.1 0.14375
0 0.51875 0.509375 0.0921875 0.13125
0 0.59609375 0.53828125 0.0828125 0.1421875
0 0.57890625 0.628125 0.096875 0.13125
0 0.3765625 0.73828125 0.1234375 0.165625