0 0.646875 0.5703125 0.11875 0.165625
0 0.69375 0.7328125 0.146875 0.171875
0 0.58671875 0.715625 0.1375 0.1703125
0 0.428125 0.459375 0.125 0.1515625
0 0.25234375 0.52890625 0.109375 0.125
0 0.1671875 0.61953125 0.115625 0.15
0 0.1265625 0.41015625 0.14375 0.15625
0 0.409375 0.69375 0.1328125 0.1734375
0 0.3734375 0.5171875 0.109375 0.1484375
0 0.5140625 0.51484375 0.1015625 0.1359375
0 0.578125 0.56796875 0.09375 0.146875
0 0.5328125 0.646875 0.10625 0.1375
0 0.30546875 0.684375 0.134375 0.1734375