3 0.125 0.42421875 0.25 0.2703125
3 0.5484375 0.4859375 0.1921875 0.18125
3 0.7796875 0.44609375 0.190625 0.1765625
3 0.90390625 0.59609375 0.178125 0.178125
3 0.9234375 0.79375 0.153125 0.18125
3 0.725 0.8421875 0.28125 0.2515625
3 0.5421875 0.9265625 0.1578125 0.140625
3 0.69453125 0.6234375 0.184375 0.19375
3 0.13046875 0.6734375 0.2390625 0.2203125
3 0.3375 0.5421875 0.2078125 0.203125
3 0.84375 0.22109375 0.253125 0.2390625
3 0.60078125 0.0921875 0.2390625 0.184375
1 0.81328125 0.0609375 0.2265625 0.121875
1 0.1859375 0.1953125 0.24375 0.228125
1 0.64375 0.271875 0.1890625 0.2
1 0.4125 0.3046875 0.275 0.259375
2 0.03828125 0.15625 0.0765625 0.1375
2 0.375 0.08515625 0.1578125 0.15