3 0.12578125 0.45078125 0.2515625 0.2828125
3 0.546875 0.4828125 0.2 0.190625
3 0.77578125 0.4265625 0.196875 0.1859375
3 0.9078125 0.56640625 0.184375 0.1859375
3 0.93125 0.7625 0.1375 0.190625
3 0.7484375 0.82578125 0.2921875 0.265625
3 0.571875 0.92265625 0.1640625 0.1484375
3 0.70234375 0.61015625 0.19375 0.2015625
3 0.14296875 0.69921875 0.2484375 0.23125
3 0.34140625 0.553125 0.2171875 0.2125
3 0.8234375 0.19765625 0.2625 0.25
3 0.57109375 0.09140625 0.2484375 0.1828125
1 0.78046875 0.053125 0.2359375 0.10625
1 0.165625 0.21796875 0.253125 0.2390625
1 0.62734375 0.2625 0.1984375 0.2078125
1 0.39921875 0.3109375 0.2859375 0.271875
2 0.02890625 0.19296875 0.0578125 0.1453125
2 0.34609375 0.09453125 0.1640625 0.1578125