3 0.836898148148148 0.08661747685185187 0.12430555555555571 0.17323495370370373
3 0.04940393518518519 0.29450810185185183 0.09880787037037038 0.20454861111111117
3 0.04549768518518519 0.5000694444444445 0.09099537037037038 0.193611111111111
3 0.23578124999999997 0.4913888888888889 0.10574074074074069 0.19967592592592603
3 0.13300347222222222 0.6963483796296297 0.1065162037037037 0.17320601851851852
3 0.23376157407407408 0.6911574074074074 0.0990277777777778 0.18368055555555554
3 0.4178645833333333 0.8736574074074074 0.10711805555555554 0.1935185185185187
3 0.4180208333333333 0.6841377314814815 0.11033564814814803 0.19682870370370367
3 0.5231307870370371 0.637355324074074 0.09277777777777771 0.18331018518518505
3 0.8264062500000001 0.4563888888888889 0.123298611111111 0.21319444444444446
3 0.9370138888888888 0.2767013888888889 0.11208333333333335 0.20317129629629632
3 0.8352256944444445 0.2640162037037037 0.11616898148148139 0.18313657407407408