0 0.6331307870370371 0.41994791666666664 0.12013888888888893 0.16659722222222229
0 0.6921875 0.2586111111111111 0.1484375 0.17190972222222226
0 0.5838831018518519 0.2742881944444444 0.13900462962962976 0.17013888888888892
0 0.40662615740740743 0.5288020833333333 0.12586805555555552 0.1526736111111111
0 0.23677662037037037 0.4568576388888889 0.11082175925925926 0.1257986111111112
0 0.15821759259259258 0.36493055555555554 0.11643518518518517 0.15090277777777777
0 0.10286458333333334 0.5738020833333334 0.1447337962962963 0.15621527777777774
0 0.4051793981481481 0.2938715277777778 0.13443287037037024 0.17315972222222217
0 0.3564814814814815 0.47059027777777784 0.11168981481481488 0.1492361111111112
0 0.496875 0.47371527777777783 0.1018518518518519 0.13652777777777772
0 0.5643518518518518 0.4222569444444445 0.09444444444444447 0.14729166666666665
0 0.524363425925926 0.34274305555555556 0.10815972222222214 0.1382291666666667
0 0.3010706018518518 0.3016493055555555 0.1359953703703704 0.17319444444444443