3 0.17760416666666665 0.6534143518518519 0.25114583333333335 0.23686342592592596
3 0.5836458333333333 0.5250578703703704 0.17583333333333329 0.15925925925925916
3 0.8184374999999999 0.5282986111111111 0.17552083333333357 0.15457175925925917
3 0.9000520833333333 0.3614293981481481 0.16333333333333327 0.15879629629629627
3 0.88578125 0.15905671296296298 0.1727083333333333 0.15914351851851852
3 0.6635416666666666 0.14537037037037037 0.2608333333333334 0.2185185185185185
3 0.4650520833333333 0.09048032407407407 0.14677083333333343 0.12077546296296297
3 0.6899479166666667 0.3661168981481482 0.16739583333333333 0.17297453703703702
3 0.13057291666666665 0.4038483796296296 0.22010416666666668 0.19207175925925918
3 0.36546875 0.502170138888889 0.1895833333333333 0.17847222222222214
3 0.9109114583333333 0.7415798611111111 0.1781770833333333 0.2081018518518519
3 0.7411458333333333 0.9138020833333332 0.22166666666666668 0.17239583333333358
1 0.9275781249999999 0.9284866898148149 0.14484375000000008 0.14302662037037023
1 0.30723958333333334 0.8678530092592593 0.22364583333333332 0.1984375
1 0.7308333333333333 0.7222222222222221 0.17083333333333323 0.17777777777777787
1 0.49880208333333337 0.725318287037037 0.2520833333333332 0.2275462962962962
2 0.13713541666666668 0.9348090277777779 0.14354166666666662 0.11909722222222215
2 0.5183333333333333 0.9411747685185186 0.14437500000000014 0.11765046296296297