3 0.1515625 0.3140625 0.2578125 0.2515625
3 0.55 0.50078125 0.18125 0.16875
3 0.78359375 0.53046875 0.1796875 0.165625
3 0.8578125 0.709375 0.1671875 0.1671875
3 0.8359375 0.9109375 0.1765625 0.1703125
3 0.61484375 0.88828125 0.2671875 0.2234375
3 0.415625 0.9203125 0.15 0.1296875
3 0.65 0.675 0.171875 0.1828125
3 0.10390625 0.55703125 0.2078125 0.2046875
3 0.3328125 0.49296875 0.1953125 0.190625
3 0.8953125 0.3328125 0.209375 0.221875
3 0.721875 0.12265625 0.2265625 0.2046875
1 0.91640625 0.13359375 0.1671875 0.1859375
1 0.2890625 0.1171875 0.2296875 0.2109375
1 0.70390625 0.3234375 0.1765625 0.1890625
1 0.4734375 0.2875 0.259375 0.2421875
2 0.121875 0.04453125 0.146875 0.0890625
2 0.50078125 0.06796875 0.1484375 0.1359375