3 0.12578125 0.44453125 0.2515625 0.2796875
3 0.54765625 0.48359375 0.1984375 0.1875
3 0.7765625 0.43203125 0.1953125 0.184375
3 0.9078125 0.5734375 0.184375 0.184375
3 0.9296875 0.77109375 0.140625 0.1890625
3 0.7421875 0.8296875 0.2890625 0.2625
3 0.56484375 0.9234375 0.1625 0.1453125
3 0.70078125 0.61328125 0.190625 0.2
3 0.13984375 0.69296875 0.246875 0.2296875
3 0.340625 0.55 0.2140625 0.2109375
3 0.82890625 0.203125 0.2609375 0.2484375
3 0.5796875 0.09140625 0.246875 0.1828125
1 0.78828125 0.0546875 0.2328125 0.109375
1 0.1703125 0.2125 0.2515625 0.2359375
1 0.63125 0.2640625 0.196875 0.20625
1 0.40234375 0.309375 0.284375 0.26875
2 0.03125 0.1828125 0.0625 0.14375
2 0.353125 0.0921875 0.1625 0.15625