0 0.65625 0.546875 0.096875 0.1546875
0 0.728125 0.7 0.125 0.15625
0 0.61953125 0.69921875 0.115625 0.15625
0 0.42265625 0.47109375 0.10625 0.1390625
0 0.26015625 0.5671875 0.09375 0.1140625
0 0.18984375 0.6703125 0.0953125 0.1390625
0 0.1171875 0.46953125 0.125 0.140625
0 0.440625 0.70546875 0.1109375 0.159375
0 0.37734375 0.53671875 0.090625 0.1390625
0 0.51640625 0.5125 0.084375 0.1265625
0 0.5875 0.5546875 0.0734375 0.1390625
0 0.55546875 0.63984375 0.0890625 0.1265625
0 0.33671875 0.7125 0.1125 0.159375