0 0.6484375 0.56796875 0.115625 0.165625
0 0.6984375 0.7296875 0.14375 0.1703125
0 0.590625 0.7140625 0.1359375 0.16875
0 0.42734375 0.46015625 0.1234375 0.1515625
0 0.253125 0.53359375 0.1078125 0.1234375
0 0.16953125 0.625 0.1125 0.1484375
0 0.12578125 0.4171875 0.1421875 0.1546875
0 0.4125 0.6953125 0.13125 0.171875
0 0.3734375 0.51953125 0.1078125 0.1484375
0 0.51484375 0.51484375 0.1 0.1359375
0 0.5796875 0.56640625 0.0921875 0.1453125
0 0.53515625 0.64609375 0.1046875 0.1359375
0 0.309375 0.68828125 0.1328125 0.171875