3 0.125 0.38984375 0.25 0.2515625
3 0.54921875 0.48984375 0.18125 0.16875
3 0.78359375 0.47109375 0.1796875 0.165625
3 0.89375 0.63046875 0.1671875 0.1671875
3 0.9125 0.83203125 0.175 0.1703125
3 0.69453125 0.8609375 0.2671875 0.2328125
3 0.5046875 0.928125 0.15 0.1296875
3 0.6828125 0.640625 0.171875 0.1828125
3 0.11640625 0.640625 0.2265625 0.2046875
3 0.33515625 0.52734375 0.1953125 0.190625
3 0.86640625 0.2515625 0.2390625 0.221875
3 0.63828125 0.09375 0.2265625 0.1875
1 0.8546875 0.07109375 0.215625 0.1421875
1 0.2140625 0.16953125 0.2296875 0.2109375
1 0.6625 0.28515625 0.1765625 0.1890625
1 0.4296875 0.29765625 0.259375 0.2421875
2 0.05234375 0.1140625 0.1046875 0.128125
2 0.41171875 0.07578125 0.1484375 0.140625