3 0.134375 0.3515625 0.2359375 0.22890625
3 0.55 0.4953125 0.16640625 0.15234375
3 0.78515625 0.50078125 0.16484375 0.1484375
3 0.878125 0.67109375 0.15234375 0.15234375
3 0.87734375 0.8734375 0.16171875 0.15390625
3 0.65546875 0.87890625 0.24609375 0.20859375
3 0.46015625 0.9265625 0.1390625 0.115625
3 0.6671875 0.65859375 0.15546875 0.1671875
3 0.10390625 0.6 0.2078125 0.184375
3 0.3328125 0.51015625 0.178125 0.17265625
3 0.890625 0.29140625 0.21875 0.20078125
3 0.68125 0.1015625 0.20859375 0.18359375
1 0.9 0.08984375 0.19921875 0.16640625
1 0.25 0.14140625 0.2109375 0.190625
1 0.684375 0.303125 0.159375 0.17265625
1 0.4515625 0.29140625 0.23828125 0.21796875
2 0.075 0.06796875 0.1359375 0.1140625
2 0.45625 0.06875 0.1359375 0.1265625